level = [     (2000, 	10, 	0,	0, 		False),
              (500, 	10, 	400,	300, 		False),
              (300, 	10, 	0,	300, 		False),
              (20,      100,    500,    310,            False),
              (20,      130,    800,    10,             False),
              (20,      100,    1300,   310,            False),
              (20,      130,    1300,    10,            False),
              (600, 	10, 	1200,	300, 		False),
              (2000, 	30, 	0,      570,	        False) 

          ]

cubes = [
            (600, 290),
            (600, 550),
            (1100, 550),
            (1500, 550)
            ]

buttons = [
		 (500, 305),
		(800, 575),
                (1000, 575),
                (1400, 575)
              ]

doors = [
		(500, 572),
                 (800, 300),
                (1300, 572),
                (1300,300)
            ]


	
